
UINT16 g_Debug_Data[256] = {
	0x00,0x00,0x00,0x00,0x00,0x00,0x00,0x00,0x00,0x00,
	0x00,0x00,0x00,0x00,0x00,0x00,0x00,0x00,0x00,0x00,
	0x00,0x00,0x00,0x00,0x00,0x00,0x00,0x00,0x00,0x00,
	0x00,0x00,0x00,0x00,0x00,0x00,0x00,0x00,0x00,0x00,
	0x00,0x00,0x00,0x00,0x00,0x00,0x00,0x00,0x00,0x00,
	0x00,0x00,0x00,0x00,0x00,0x00,0x00,0x00,0x00,0x00,
	0x00,0x00,0x00,0x00,0x00,0x00,0x00,0x00,0x00,0x00,
	0x00,0x00,0x00,0x00,0x00,0x00,0x00,0x00,0x00,0x00,
	0x00,0x00,0x00,0x00,0x00,0x00,0x00,0x00,0x00,0x00,
	0xA,0x14,0x1B,0x23,0x2D,0x32,0x39,0x41,0x46,0x4B,
	0x50,0x50,0x50,0x50,0x50,0x4D,0x50,0x50,0x50,0x57,
	0x5F,0x66,0x73,0x7F,0x87,0x91,0x9B,0xA2,0xAC,0xBE,
	0xC8,0xD7,0xE6,0xF5,0x104,0x11D,0x133,0x14C,0x16F,0x195,
	0x1BD,0x1F1,0x22B,0x264,0x2AD,0x2FD,0x357,0x3C5,0x442,0x4C6,
	0x557,0x5EB,0x66F,0x6E5,0x744,0x77D,0x791,0x780,0x741,0x6D8,
	0x64F,0x5A2,0x4E2,0x417,0x348,0x27D,0x1BF,0x110,0x73,0x00,
	0x00,0x00,0x00,0x00,0x00,0x00,0x00,0x00,0x00,0x00,
	0x00,0x00,0x00,0x00,0x00,0x00,0x00,0x00,0x00,0x00,
	0x00,0x00,0x00,0x00,0x00,0x00,0x00,0x00,0x00,0x00,
	0x00,0x00,0x00,0x00,0x00,0x00,0x00,0x00,0x00,0x00,
	0x00,0x00,0x00,0x00,0x00,0x00,0x00,0x00,0x00,0x00,
	0x00,0x00,0x00,0x00,0x00,0x00,0x00,0x00,0x00,0x00,
	0x00,0x00,0x00,0x00,0x00,0x00,0x00,0x00,0x00,0x00,
	0x00,0x00,0x00,0x00,0x00,0x00,0x00,0x00,0x00,0x00,
	0x00,0x00,0x00,0x00,0x00,0x00,0x00,0x00,0x00,0x00,
	0x00,0x00,0x00,0x00,0x00,0x00
};


43 53 57 44 88 01 50 01 00 00 00 01
UINT8 g_Debug_Data[512] = {

00 00 00 00 00 00 00 00 00 00 00 00 00 00 00 00 00 00 00 00
00 00 00 00 00 00 00 00 00 00 00 00 00 00 00 00 00 00 00 00
00 00 00 00 00 00 00 00 00 00 00 00 00 00 00 00 00 00 00 00
00 00 00 00 00 00 00 00 00 00 00 00 00 00 00 00 00 00 00 00
00 00 00 00 00 00 00 00 00 00 00 00 00 00 00 00 00 00 00 00
00 00 00 00 00 00 00 00 00 00 00 00 00 00 00 00 00 00 00 00
00 00 00 00 00 00 00 00 00 00 00 00 00 00 00 00 00 00 00 00
00 00 00 00 00 00 00 00 00 00 00 00 00 00 00 00 00 00 00 00
00 00 00 00 00 00 00 00 00 00 00 00 00 00 00 00 00 00 00 00
00 0A 00 14 00 1B 00 23 00 2D 00 32 00 39 00 41 00 46 00 4B
00 50 00 50 00 50 00 50 00 50 00 4D 00 50 00 50 00 50 00 57
00 5F 00 66 00 73 00 7F 00 87 00 91 00 9B 00 A2 00 AC 00 BE
00 C8 00 D7 00 E6 00 F5 01 04 01 1D 01 33 01 4C 01 6F 01 95
01 BD 01 F1 02 2B 02 64 02 AD 02 FD 03 57 03 C5 04 42 04 C6
05 57 05 EB 06 6F 06 E5 07 44 07 7D 07 91 07 80 07 41 06 D8
06 4F 05 A2 04 E2 04 17 03 48 02 7D 01 BF 01 10 00 73 00 00
00 00 00 00 00 00 00 00 00 00 00 00 00 00 00 00 00 00 00 00
00 00 00 00 00 00 00 00 00 00 00 00 00 00 00 00 00 00 00 00
00 00 00 00 00 00 00 00 00 00 00 00 00 00 00 00 00 00 00 00
00 00 00 00 00 00 00 00 00 00 00 00 00 00 00 00 00 00 00 00
00 00 00 00 00 00 00 00 00 00 00 00 00 00 00 00 00 00 00 00
00 00 00 00 00 00 00 00 00 00 00 00 00 00 00 00 00 00 00 00
00 00 00 00 00 00 00 00 00 00 00 00 00 00 00 00 00 00 00 00
00 00 00 00 00 00 00 00 00 00 00 00 00 00 00 00 00 00 00 00
00 00 00 00 00 00 00 00 00 00 00 00 00 00 00 00 00 00 00 00
00 00 00 00 00 00 00 00 00 00 00 00

}
	
	
43 53 57 44 88 01 50 01 00 00 00 01 00 00 00 00 00 00 00 00 00 00 00 00 00 00 00 00 00 00 00 00 00 00 00 00 00 00 00 00 00 00 00 00 00 00 00 00 00 00 00 00 00 00 00 00 00 00 00 00 00 00 00 00 00 00 00 00 00 00 00 00 00 00 00 00 00 00 00 00 00 00 00 00 00 00 00 00 00 00 00 00 00 00 00 00 00 00 00 00 00 00 00 00 00 00 00 00 00 00 00 00 00 00 00 00 00 00 00 00 00 00 00 00 00 00 00 00 00 00 00 00 00 00 00 00 00 00 00 00 00 00 00 00 00 00 00 00 00 00 00 00 00 00 00 00 00 00 00 00 00 00 00 00 00 00 00 00 00 00 00 00 00 00 00 00 00 00 00 00 00 00 00 00 00 00 00 00 00 00 00 00 00 0A 00 14 00 1B 00 23 00 2D 00 32 00 39 00 41 00 46 00 4B 00 50 00 50 00 50 00 50 00 50 00 4D 00 50 00 50 00 50 00 57 00 5F 00 66 00 73 00 7F 00 87 00 91 00 9B 00 A2 00 AC 00 BE 00 C8 00 D7 00 E6 00 F5 01 04 01 1D 01 33 01 4C 01 6F 01 95 01 BD 01 F1 02 2B 02 64 02 AD 02 FD 03 57 03 C5 04 42 04 C6 05 57 05 EB 06 6F 06 E5 07 44 07 7D 07 91 07 80 07 41 06 D8 06 4F 05 A2 04 E2 04 17 03 48 02 7D 01 BF 01 10 00 73 00 00 00 00 00 00 00 00 00 00 00 00 00 00 00 00 00 00 00 00 00 00 00 00 00 00 00 00 00 00 00 00 00 00 00 00 00 00 00 00 00 00 00 00 00 00 00 00 00 00 00 00 00 00 00 00 00 00 00 00 00 00 00 00 00 00 00 00 00 00 00 00 00 00 00 00 00 00 00 00 00 00 00 00 00 00 00 00 00 00 00 00 00 00 00 00 00 00 00 00 00 00 00 00 00 00 00 00 00 00 00 00 00 00 00 00 00 00 00 00 00 00 00 00 00 00 00 00 00 00 00 00 00 00 00 00 00 00 00 00 00 00 00 00 00 00 00 00 00 00 00 00 00 00 00 00 00 00 00 00 00 00 00 00 00 00 00 00 00 00 00 00 00 00 00 00 00 00 00 00 00 00 00 00 00 00 00 00 00 00 00 00 00 00
	

	
	
	
	
	
	
	